              precision    recall  f1-score   support

           0       0.45      0.38      0.42        13
           1       0.31      0.33      0.32        12
           2       0.50      0.78      0.61         9
           3       0.50      0.25      0.33         4
           4       0.58      0.50      0.54        14
           5       0.72      0.81      0.76        16
           6       1.00      0.25      0.40         4
           7       0.57      0.33      0.42        24
           8       0.20      0.10      0.13        10
           9       0.85      0.79      0.81        28
          10       0.67      0.40      0.50         5
          11       0.70      0.54      0.61        13
          12       0.47      0.50      0.48        16
          13       0.69      0.83      0.75        24
          14       0.74      0.82      0.78        17
          15       1.00      0.33      0.50         3
          16       0.66      0.78      0.71        27
          17       1.00      0.50      0.67         4
          18       0.67      0.90      0.77        20
          19       0.50      0.74      0.60        19
          20       0.33      0.40      0.36         5
          21       0.78      0.75      0.77        24
          22       0.67      0.40      0.50        10
          23       0.95      0.89      0.92        45
          24       0.60      0.43      0.50        14
          25       0.48      0.79      0.59        14
          26       1.00      1.00      1.00         6

    accuracy                           0.66       400
   macro avg       0.65      0.57      0.58       400
weighted avg       0.67      0.66      0.65       400
